MATRICE ORIGINALE
3 8 8 5 1 9 3 8 7 9 8 7 9 8 8 1 6 4 8 2 9 5 7 2 1 8 6 3 4 4 6 8 1 9 7 6 1 1 4 9 7 6 6 5 8 7 9 1 4 4 4 3 8 9 9 6 2 6 9 7 2 9 1 3 4 3 9 1 1 9 9 9 5 9 7 1 8 4 1 9 1 9 7 4 2 4 5 4 4 3 1 8 9 6 7 1 4 9 9 4 
7 7 7 1 1 2 9 1 9 9 1 5 9 6 3 9 4 7 7 9 1 6 1 5 6 8 4 6 9 9 1 9 5 6 6 9 1 7 2 2 4 3 6 6 1 4 2 9 4 4 8 9 5 6 9 8 7 7 2 8 8 3 1 3 8 5 7 9 3 8 9 9 8 5 6 9 8 5 4 8 4 8 8 1 1 3 1 1 8 7 3 2 9 7 8 5 1 9 9 4 
5 3 9 7 8 9 8 7 8 9 9 9 9 4 9 9 1 9 1 8 1 9 5 1 7 1 9 8 7 8 5 9 4 3 7 9 8 4 9 1 2 2 1 1 3 9 5 2 3 4 8 7 7 9 2 5 9 6 4 9 3 9 8 5 7 2 4 9 9 9 9 1 9 8 6 8 9 9 3 6 7 5 2 6 9 8 7 8 1 7 1 6 2 9 9 9 8 6 9 9 
8 9 5 9 8 9 9 7 1 3 9 9 1 7 2 2 9 5 7 6 4 3 9 6 1 2 8 9 4 1 9 6 8 7 9 9 8 4 4 3 2 9 1 9 1 9 4 2 9 1 8 7 1 5 9 9 5 1 6 5 3 3 4 9 8 2 7 9 7 7 8 2 1 2 5 7 7 1 9 9 9 7 9 6 1 3 1 2 7 1 8 2 6 8 1 9 3 1 9 8 
2 8 4 6 2 1 9 9 3 2 5 6 9 8 4 2 8 7 9 8 9 1 6 9 2 2 3 4 6 1 4 3 1 1 8 1 2 7 9 9 7 2 4 8 9 3 6 3 3 9 8 9 5 8 8 3 9 9 8 1 9 5 7 9 1 5 3 8 1 4 2 6 1 5 1 6 9 8 7 2 6 2 9 4 8 7 1 6 5 1 1 7 5 2 7 9 6 3 1 1 
6 7 2 5 1 9 9 5 7 9 1 1 8 2 6 9 6 9 9 4 7 2 3 3 6 8 1 2 6 1 8 9 1 1 9 7 9 9 5 7 9 2 2 3 2 9 3 9 9 7 9 7 9 5 9 9 8 6 1 7 9 9 3 9 3 1 4 1 4 5 9 8 3 2 4 3 2 9 5 4 6 9 5 9 8 9 3 9 3 2 7 1 2 9 5 7 4 1 9 8 
6 8 1 8 2 1 9 6 9 6 1 2 8 5 6 8 1 8 1 7 8 9 7 1 8 8 8 5 9 2 8 8 9 6 1 9 1 5 4 9 4 7 7 1 9 1 1 9 3 5 9 9 9 3 9 2 6 2 4 7 7 9 1 4 1 9 6 3 9 1 1 3 9 6 6 5 8 1 1 9 9 4 2 9 4 4 9 4 9 1 2 8 3 8 6 5 1 8 5 9 
2 2 2 1 7 1 6 2 9 6 9 4 5 8 9 1 2 6 7 7 7 9 1 2 8 1 6 1 2 9 9 5 7 9 9 4 9 2 1 8 8 7 7 5 2 5 1 8 4 8 8 4 7 9 8 2 2 7 9 6 5 8 9 9 3 8 9 4 8 8 2 9 1 7 7 4 8 9 9 9 6 9 2 9 3 9 8 7 7 9 7 8 3 2 5 1 6 8 7 8 
9 2 1 3 8 4 4 2 3 1 4 3 3 4 9 9 9 9 9 1 7 9 4 2 8 6 9 2 7 9 1 3 7 8 2 4 2 1 7 3 2 8 9 5 1 3 2 8 6 9 6 5 9 9 6 9 7 6 9 8 3 4 4 2 7 7 9 6 1 7 9 6 4 7 8 7 5 8 6 3 2 6 6 9 7 9 8 8 4 4 7 2 6 5 8 7 6 9 9 6 
6 3 1 3 9 9 3 5 6 1 6 1 5 8 8 6 9 9 9 1 6 7 1 8 2 9 9 2 8 9 9 1 4 1 6 4 8 9 9 8 5 5 2 3 6 9 7 9 4 3 9 4 9 2 3 9 3 1 3 2 7 3 2 3 3 9 7 5 6 6 8 8 5 8 9 1 7 8 7 4 7 8 8 7 8 7 2 2 8 3 1 7 7 7 5 7 1 4 8 6 
8 7 1 3 9 9 1 2 8 9 5 4 9 8 1 8 7 6 3 5 8 9 9 3 9 9 9 1 8 9 5 8 4 9 5 2 1 8 9 1 9 6 6 9 8 8 1 9 8 3 8 2 5 9 7 7 7 8 9 2 1 2 2 7 6 9 9 7 5 9 7 3 7 6 5 9 9 3 9 6 9 9 6 7 1 9 2 3 7 9 9 9 9 5 2 8 4 3 5 6 
9 5 9 1 3 9 9 3 1 7 9 5 8 2 7 1 8 1 8 9 6 3 8 9 4 5 7 2 3 6 8 3 1 9 7 6 3 9 6 3 5 4 8 1 4 1 1 9 3 6 4 4 1 1 8 6 3 5 8 5 4 9 8 7 4 7 1 6 9 3 8 4 8 9 8 1 9 1 7 7 7 9 1 4 6 3 9 4 2 8 1 4 6 1 9 5 9 5 9 5 
9 3 7 1 5 6 3 8 6 3 8 1 9 4 4 7 2 9 8 4 8 9 3 9 1 3 6 2 5 6 5 1 9 8 4 8 9 6 7 7 3 8 7 9 8 1 1 7 1 9 1 6 8 7 5 8 1 8 2 6 9 2 7 5 7 8 5 9 2 1 7 9 2 5 9 2 8 6 9 8 8 9 7 1 9 1 8 4 5 3 7 2 5 5 9 2 6 9 4 1 
9 7 5 9 4 1 3 2 1 3 2 5 4 6 1 1 5 5 5 3 8 2 9 1 7 1 5 6 3 3 1 8 7 8 5 9 4 9 5 1 9 9 9 2 8 9 2 7 3 3 2 9 9 9 9 7 9 5 9 4 7 1 6 9 4 3 9 9 8 1 6 1 6 2 1 3 9 9 9 7 7 7 9 1 6 1 3 1 3 8 4 6 7 2 9 4 5 7 8 1 
3 6 7 9 6 9 6 5 8 6 8 9 4 9 7 8 8 4 7 7 1 1 4 1 1 5 6 9 2 5 5 8 4 4 8 4 5 1 8 2 7 8 1 8 5 4 7 3 7 9 7 6 7 9 5 1 9 1 2 6 1 1 6 9 5 8 9 9 3 9 1 5 9 7 9 4 7 1 8 6 9 9 9 9 7 4 9 3 8 7 2 4 9 9 2 3 6 2 1 6 
8 4 9 4 2 9 1 8 8 4 9 9 4 1 2 5 8 7 7 7 8 4 3 7 6 7 9 9 1 5 8 8 4 2 5 9 9 9 5 9 9 9 4 5 6 9 9 9 2 3 7 1 2 1 3 9 8 1 3 9 7 9 1 5 5 4 9 3 1 9 4 6 2 8 9 5 1 7 9 9 5 8 1 9 5 1 9 9 2 6 3 9 7 3 7 9 9 9 4 2 
2 7 3 5 7 9 6 2 4 5 1 1 9 1 9 2 1 6 8 1 6 2 8 4 1 9 9 5 7 4 9 9 9 4 3 3 8 1 9 7 8 5 6 7 8 9 9 5 8 7 9 9 1 2 8 9 9 8 1 7 9 1 7 6 9 2 9 1 2 9 7 6 9 7 9 8 9 6 1 2 2 9 2 2 8 2 5 9 9 8 6 3 1 5 7 9 8 6 1 8 
3 9 1 9 5 4 9 6 2 6 9 9 5 8 5 2 7 9 1 8 1 2 9 9 8 4 5 5 8 8 1 1 9 7 7 3 3 9 8 6 9 1 7 9 5 1 1 8 9 1 6 1 7 9 6 9 9 6 6 2 2 9 1 8 4 7 9 5 9 1 2 8 9 1 9 2 1 9 9 8 2 2 9 8 9 3 1 6 1 9 6 9 6 9 7 9 7 7 6 1 
9 2 2 1 8 1 1 9 6 9 2 6 2 7 2 9 9 9 9 6 6 6 3 9 2 7 4 9 5 4 9 3 9 5 1 9 4 9 1 4 9 2 7 6 2 3 9 3 8 9 3 1 2 7 7 6 8 3 9 9 2 7 1 2 2 8 9 9 7 2 9 8 4 1 5 6 2 9 4 1 6 8 5 9 6 9 3 5 9 1 1 9 9 4 7 2 3 5 7 9 
9 2 5 9 8 3 9 9 6 7 9 5 9 3 5 1 1 8 3 6 9 9 9 8 7 3 6 9 1 2 2 7 8 4 8 7 9 6 2 8 5 9 5 6 7 3 5 8 7 6 1 6 3 1 7 2 8 1 9 9 1 4 6 9 9 6 7 6 7 5 6 7 6 1 4 9 9 1 9 7 1 4 6 9 8 6 7 6 1 3 3 4 8 9 1 5 8 2 5 8 
1 8 7 1 6 5 8 4 3 2 2 9 8 9 4 2 2 5 3 1 7 7 5 9 8 4 7 6 3 6 6 8 8 1 8 9 8 1 8 5 8 5 5 5 5 8 8 9 9 6 6 9 4 8 2 1 1 6 8 6 3 1 1 1 7 9 9 9 5 1 9 9 9 1 2 5 8 7 4 1 9 1 9 9 2 3 6 4 7 5 7 7 8 7 7 8 8 3 5 8 
8 7 3 9 8 5 2 8 2 5 7 8 2 6 1 4 5 1 9 8 9 1 6 7 9 8 4 5 9 4 2 9 7 2 1 8 8 2 6 4 8 1 6 1 9 7 1 7 8 7 3 8 9 2 7 9 2 4 8 8 9 2 8 2 2 3 5 7 6 9 2 7 9 9 5 5 9 1 1 3 6 4 9 8 7 3 3 7 1 7 3 6 9 1 4 6 3 9 4 8 
8 2 9 9 1 2 1 5 1 3 4 9 7 1 7 9 6 2 5 5 5 9 8 2 6 7 1 9 7 8 6 1 5 9 9 3 5 4 8 7 8 6 9 8 8 9 9 4 8 6 4 9 9 3 9 4 1 6 5 5 6 9 6 7 5 8 5 5 2 8 1 4 9 1 3 2 7 9 9 9 9 3 2 8 1 8 9 1 8 6 4 2 9 5 9 2 5 2 7 3 
9 6 6 7 9 9 9 4 8 2 9 8 1 5 2 1 5 9 8 8 5 3 9 3 8 1 9 9 1 9 1 9 9 4 9 3 7 6 2 7 9 7 5 9 5 8 9 6 3 1 4 2 9 5 5 9 9 5 5 7 3 7 8 5 7 7 9 9 9 8 7 6 8 7 7 7 9 5 3 5 3 6 1 2 9 5 2 4 7 9 1 9 9 9 1 3 9 9 2 1 
8 5 6 5 7 1 1 6 7 7 8 7 3 1 1 9 9 9 1 4 2 3 9 8 6 3 3 6 9 3 9 8 9 1 3 1 3 7 5 8 9 9 5 9 9 5 7 6 1 4 9 8 9 7 9 5 1 8 9 7 4 7 9 9 1 6 2 6 9 3 2 7 2 9 9 8 7 7 6 8 2 6 5 5 9 8 4 2 3 7 2 2 8 5 2 9 8 1 5 8 
6 8 2 2 7 3 7 3 5 9 8 8 9 3 3 6 9 9 9 5 9 1 5 9 1 8 8 9 4 7 5 1 9 8 8 6 3 3 9 9 1 9 8 1 8 1 1 9 2 3 4 1 8 6 9 9 6 4 8 9 1 5 4 9 8 3 9 9 3 9 4 9 6 2 5 3 2 3 8 9 1 8 9 8 9 4 9 2 7 7 6 5 9 8 1 6 8 9 4 8 
1 9 3 2 7 6 8 3 7 6 3 1 7 1 1 8 3 2 9 3 4 9 2 2 1 9 3 1 2 6 9 2 8 1 2 8 1 5 7 9 7 6 1 3 1 2 4 1 9 1 3 4 9 9 9 3 8 6 6 8 9 1 8 1 7 9 9 2 6 3 8 5 1 9 9 5 8 2 9 4 1 5 7 3 7 7 9 6 3 4 4 4 7 9 7 7 9 1 6 1 
1 1 4 6 6 9 9 1 2 6 7 6 4 9 8 8 3 6 1 8 5 9 7 9 9 8 8 8 6 7 7 9 6 9 9 5 5 6 9 9 5 6 6 9 8 1 9 1 6 9 9 1 7 3 2 7 1 1 8 6 6 9 8 5 9 4 8 1 3 7 8 4 2 2 2 1 8 7 9 7 1 4 9 9 9 4 1 5 1 2 7 9 7 8 9 6 9 5 5 6 
2 7 1 6 8 2 6 9 9 9 7 7 6 6 2 1 5 6 8 9 9 5 4 8 3 1 4 9 9 1 5 9 7 1 9 5 6 9 5 4 9 4 9 7 9 2 1 3 1 3 6 7 1 4 2 8 9 3 2 7 4 9 7 6 2 8 2 8 9 8 2 9 5 4 1 9 5 1 9 2 9 4 9 6 1 4 2 9 7 2 7 7 7 9 1 7 9 6 1 8 
9 8 1 9 6 8 9 5 1 1 4 6 9 3 6 1 7 6 9 8 1 5 9 8 6 2 7 5 1 2 2 5 3 9 7 5 5 7 3 5 8 7 7 5 1 4 9 1 7 5 2 1 7 8 4 6 7 8 8 8 9 5 9 9 7 6 9 3 8 9 5 7 1 2 4 1 7 3 8 9 9 9 9 1 6 7 6 6 8 7 5 6 8 2 3 1 9 6 8 1 
1 7 3 9 8 9 8 8 3 6 4 6 8 1 9 1 9 6 8 2 6 9 7 5 9 1 7 3 8 4 1 3 8 9 7 7 9 9 2 3 4 9 1 9 8 9 9 8 2 7 9 7 4 9 2 2 5 8 1 9 9 9 1 7 3 7 8 1 6 1 3 9 9 7 7 7 7 1 5 8 1 8 9 4 9 1 2 1 2 9 1 3 9 8 3 1 8 9 3 5 
8 9 9 1 6 8 1 2 7 7 1 3 9 2 7 2 1 6 1 8 8 8 3 8 8 9 9 2 8 1 7 6 6 9 8 6 1 9 9 8 4 7 1 7 7 9 6 9 7 9 2 2 7 2 9 1 9 1 7 9 5 7 7 1 9 1 7 9 1 7 3 3 9 1 2 3 8 9 4 5 2 9 9 8 5 9 4 2 1 7 6 2 7 5 9 8 9 1 9 4 
8 7 8 8 8 7 9 2 1 3 8 4 4 9 9 1 2 5 6 9 4 4 6 9 5 1 1 6 5 3 9 9 3 6 6 1 8 7 9 8 8 7 9 1 4 7 6 8 2 2 1 9 9 1 7 7 6 1 6 7 8 7 7 3 1 5 6 1 9 2 6 1 6 8 2 1 5 3 5 7 3 3 8 2 8 4 8 9 9 9 9 9 9 3 5 6 7 5 1 7 
9 7 9 2 1 1 2 4 1 9 9 7 8 6 4 3 8 9 1 1 9 8 3 8 6 9 9 9 2 7 3 9 3 9 7 1 6 7 8 5 7 7 7 3 8 9 6 9 9 7 3 3 7 2 8 6 9 9 7 4 1 3 1 2 1 5 4 9 9 5 9 5 4 2 8 4 9 9 8 9 1 6 3 4 6 9 2 1 2 7 6 2 2 6 1 9 2 9 2 3 
8 9 3 6 1 7 9 3 9 9 4 9 8 5 6 7 7 8 7 1 4 6 9 2 8 3 3 8 4 8 1 2 1 7 2 7 4 5 9 4 9 2 9 6 2 5 6 8 5 2 9 9 2 6 2 1 4 5 7 9 5 3 5 8 1 2 9 8 1 7 1 7 6 2 9 9 4 9 9 9 8 8 1 1 5 5 6 1 4 3 9 9 6 9 1 6 9 7 2 1 
3 7 1 1 9 9 6 6 6 5 3 9 9 9 9 9 6 6 7 4 3 9 6 9 5 2 1 8 3 1 5 6 4 9 9 8 9 9 1 9 1 9 8 4 5 5 4 6 1 9 9 1 9 6 8 8 5 3 1 4 8 9 8 9 5 9 4 8 9 6 3 1 8 5 1 9 9 9 8 5 4 1 2 2 1 1 7 9 2 2 9 4 1 8 2 4 8 1 9 9 
1 2 9 1 6 5 6 1 3 2 9 8 7 6 4 1 8 9 9 7 5 9 5 1 1 8 1 9 9 7 9 1 6 9 6 2 2 8 1 4 7 4 8 7 4 1 5 9 5 9 3 4 9 1 6 9 8 3 5 3 1 9 7 5 7 9 9 6 2 9 1 1 8 9 1 5 1 7 9 3 6 2 4 7 4 6 8 8 4 8 9 5 2 9 6 9 5 8 9 2 
8 7 1 4 9 2 2 1 5 4 6 1 8 3 1 8 9 7 9 6 8 8 2 1 7 2 9 8 9 5 2 6 8 1 6 3 5 8 9 9 9 3 4 2 7 9 1 9 9 2 2 5 3 9 5 6 6 8 5 5 7 9 1 8 5 9 4 7 2 1 8 2 7 6 7 6 5 4 4 3 8 1 7 1 9 9 9 7 6 2 9 3 8 5 2 5 1 2 4 1 
9 5 9 3 2 7 9 3 9 9 4 1 3 9 2 9 4 9 3 4 7 8 2 9 4 7 9 7 3 5 5 3 3 4 7 6 6 8 2 9 4 9 1 3 1 8 5 6 9 1 6 3 6 4 4 3 7 8 4 2 9 4 8 1 5 4 9 5 7 6 6 5 9 8 5 8 6 8 7 8 3 5 1 3 7 1 8 7 8 4 9 4 7 1 9 5 1 4 4 6 
5 8 5 4 9 7 9 5 3 2 9 8 1 1 9 9 6 9 9 1 6 9 8 6 9 4 3 1 9 2 6 8 9 8 9 1 8 1 9 4 9 1 9 2 8 6 6 7 5 9 4 1 1 9 1 9 5 8 9 1 9 8 2 2 7 9 8 6 8 7 9 9 9 9 2 7 8 4 3 7 6 5 1 7 6 4 9 7 1 2 2 1 9 6 7 8 1 7 8 4 
9 9 9 7 8 1 9 3 3 1 9 9 3 8 8 8 3 1 4 7 8 6 3 7 7 8 6 5 3 5 6 5 9 1 6 9 6 8 9 2 6 1 1 1 9 8 2 9 9 9 6 4 9 6 8 9 9 5 8 8 7 1 5 2 7 2 2 2 7 2 8 4 2 2 7 3 6 9 4 7 2 6 6 3 9 2 3 2 9 4 2 6 9 9 9 3 2 1 8 3 
1 8 9 6 1 8 4 1 7 2 8 1 4 9 1 8 9 1 8 6 2 4 9 6 1 1 9 5 5 4 3 3 9 5 5 5 1 7 4 8 9 8 3 6 8 1 9 4 9 1 2 8 8 9 8 4 3 2 9 7 6 2 9 1 9 3 5 9 2 1 9 7 1 1 9 8 1 9 5 3 8 2 9 7 3 9 1 4 1 7 2 9 2 9 2 9 7 3 6 4 
5 8 3 7 9 4 1 6 6 1 9 8 7 6 5 1 8 9 6 2 8 7 4 8 6 9 7 9 9 9 7 2 9 8 9 3 1 6 5 2 3 2 7 9 4 6 7 4 9 6 9 2 8 2 2 5 8 3 7 5 4 1 8 6 2 3 8 8 4 9 8 8 6 2 6 2 9 4 9 8 3 9 1 8 8 9 9 9 8 9 6 7 2 7 8 5 8 9 3 9 
4 4 6 1 8 6 4 7 1 1 6 8 2 8 3 1 8 6 8 9 1 6 8 1 2 7 9 9 1 1 9 2 9 8 6 1 9 9 5 8 6 9 8 1 8 9 6 1 9 6 9 4 9 5 1 2 4 9 6 8 6 9 8 8 3 8 9 1 8 9 7 2 9 6 7 2 2 8 7 9 5 7 4 3 9 6 4 6 5 9 6 8 7 4 9 7 9 2 2 2 
9 9 9 2 3 9 5 9 1 8 7 1 1 1 6 5 7 5 3 2 1 2 1 2 8 9 9 2 7 9 7 8 4 6 8 9 9 9 5 6 8 8 9 9 9 1 9 9 7 8 3 1 1 8 1 9 6 9 2 5 4 1 1 9 1 7 7 9 8 4 9 3 9 8 2 1 6 5 8 7 8 9 9 4 9 2 6 2 1 3 1 8 3 9 3 6 3 3 4 4 
9 9 1 3 9 2 9 8 9 4 9 1 5 7 5 3 8 9 1 5 1 6 9 8 2 9 1 9 4 4 9 9 9 3 5 6 1 9 7 2 6 7 1 5 3 1 9 9 9 9 8 9 1 8 9 3 9 6 9 3 9 2 9 8 9 9 3 8 3 1 6 9 9 6 9 9 1 8 9 9 9 2 8 5 5 7 8 5 9 1 1 8 9 6 2 6 7 5 2 9 
5 9 7 7 1 9 1 5 3 9 3 9 9 7 6 8 7 6 9 6 9 1 9 8 5 3 4 6 8 5 3 3 8 9 9 8 3 3 2 9 3 3 8 1 2 8 8 1 1 9 7 6 8 2 9 9 2 3 1 8 8 9 9 8 9 5 7 7 5 7 6 9 8 7 6 6 9 9 9 4 8 2 9 8 9 5 2 9 9 1 3 3 5 1 8 3 6 2 1 7 
5 8 6 9 1 9 9 5 9 9 3 8 9 2 8 9 7 3 6 7 9 9 5 2 1 1 7 5 1 4 1 5 6 2 1 8 9 9 9 6 7 2 7 8 9 9 1 8 9 9 9 8 1 6 8 8 1 4 9 1 8 9 9 1 8 6 4 1 9 4 1 7 9 3 9 5 4 2 1 1 7 9 2 6 8 7 9 9 7 5 9 1 7 9 8 8 6 9 7 1 
4 9 9 5 3 9 3 5 7 3 2 8 6 5 9 1 9 9 9 1 4 8 4 5 6 7 7 5 8 9 3 7 2 9 2 7 1 7 1 6 9 9 9 9 4 4 7 9 2 4 2 6 1 9 7 9 9 1 8 9 2 9 6 3 5 2 2 9 9 3 9 7 9 5 8 1 7 9 7 9 1 2 3 9 8 3 8 8 1 9 7 4 3 8 9 2 9 8 7 9 
8 1 7 5 9 8 5 7 6 2 2 9 7 7 9 2 1 9 3 4 4 9 8 2 5 8 9 1 4 5 1 6 6 9 1 7 3 6 3 9 8 3 1 6 9 6 6 8 6 9 7 7 1 8 5 9 6 8 2 9 8 8 4 8 7 7 8 1 1 1 5 1 9 9 6 9 9 1 3 9 9 1 8 9 2 8 5 2 1 9 6 9 1 3 6 5 8 5 8 9 
7 5 5 1 8 2 3 9 2 9 2 1 7 5 9 2 9 8 1 3 1 2 9 7 4 5 5 7 6 8 5 1 4 2 3 2 8 4 6 3 4 6 5 8 4 8 8 3 9 8 7 2 1 2 2 4 6 9 1 9 9 8 9 7 9 7 1 1 9 9 1 9 9 1 9 9 9 9 9 8 6 9 4 7 3 8 9 5 1 7 1 2 5 1 9 9 7 5 6 3 
1 4 8 7 9 3 1 5 5 8 9 4 6 9 6 8 8 2 9 9 5 1 7 6 3 5 1 9 6 5 6 9 3 7 4 8 7 5 4 6 7 9 2 8 9 5 4 7 6 9 9 2 6 2 4 9 7 8 8 5 2 9 2 1 9 4 7 1 3 9 9 8 3 4 9 9 2 8 6 3 8 5 2 6 6 1 3 8 2 5 8 9 3 5 1 9 3 6 9 4 
8 1 9 5 3 7 1 1 4 9 9 9 8 6 7 8 3 9 6 9 8 7 8 8 4 3 2 6 1 8 8 1 5 2 5 7 3 7 5 6 1 9 8 9 2 1 8 9 9 1 3 5 1 9 7 6 5 3 3 8 4 7 1 1 7 8 3 6 4 8 7 2 9 7 9 1 3 2 8 8 5 1 9 7 9 3 5 4 4 9 7 9 6 9 3 9 2 9 8 6 
9 1 7 9 1 5 5 1 1 9 4 2 3 9 1 9 7 7 9 6 6 7 6 8 6 6 9 8 6 8 9 1 2 6 1 1 3 9 9 4 8 2 5 7 3 9 9 5 1 4 9 8 1 7 2 5 1 7 1 9 9 1 9 8 9 8 9 9 1 5 2 9 2 4 5 7 3 4 4 1 2 6 9 2 9 4 8 6 2 9 5 9 8 4 6 9 9 1 9 5 
8 6 9 2 9 9 9 6 5 6 6 9 6 9 5 2 9 3 1 9 9 6 5 3 3 6 2 3 8 9 6 1 9 1 9 8 4 8 5 9 9 6 5 8 9 3 7 7 4 5 8 9 5 9 2 1 9 3 8 3 6 6 8 1 9 5 7 2 9 2 5 9 9 8 2 1 9 7 1 9 9 1 7 3 9 9 1 1 9 2 6 6 3 6 9 5 9 6 6 6 
9 9 8 5 9 9 8 6 9 5 5 7 2 7 2 7 2 9 3 6 9 2 2 9 6 8 1 5 9 8 5 7 3 4 8 1 7 2 4 9 6 1 3 1 9 2 3 2 7 9 9 9 9 9 7 9 2 8 9 7 9 5 1 9 4 1 4 4 6 3 3 2 2 8 4 3 9 5 8 4 9 1 6 8 9 8 9 1 5 3 7 7 2 7 5 4 8 4 2 4 
6 7 8 5 9 1 5 1 3 9 8 9 1 3 8 3 1 1 1 9 9 1 9 9 3 5 2 8 7 1 4 9 5 9 9 5 8 9 1 3 9 9 2 9 3 8 9 9 6 5 8 9 9 8 1 1 6 4 1 9 4 1 7 2 2 9 9 9 9 1 5 7 8 3 1 9 9 4 9 5 5 4 3 7 2 9 7 2 8 6 9 9 2 7 7 1 8 9 8 6 
6 8 1 2 9 6 9 8 4 8 4 3 1 9 9 9 3 1 3 2 6 2 8 9 9 1 9 4 2 6 7 5 1 9 7 3 1 9 2 4 9 8 2 2 3 9 4 9 7 1 8 1 1 5 5 7 6 1 3 4 8 1 9 1 1 7 1 3 7 8 1 9 1 1 9 5 4 8 1 1 9 6 2 8 1 9 2 7 1 7 7 8 3 6 1 1 9 9 1 3 
9 2 4 1 4 4 9 9 4 4 6 8 9 1 9 6 3 7 5 3 1 6 9 9 3 7 2 7 9 6 5 9 4 9 1 8 4 9 5 1 5 9 9 1 6 9 8 9 9 9 8 4 4 2 8 1 8 9 8 1 2 4 5 9 9 5 5 7 8 8 1 9 8 7 7 8 3 8 9 9 9 7 5 2 9 9 9 6 2 9 4 9 1 1 7 5 5 1 4 5 
8 2 6 3 9 3 3 8 6 9 2 9 1 9 1 8 9 5 3 1 9 1 1 6 1 4 3 5 5 6 2 9 7 4 1 2 4 9 8 5 8 1 7 5 8 1 1 8 9 4 6 6 1 9 7 9 5 9 1 1 1 9 4 3 3 1 4 7 9 6 2 9 8 1 9 8 6 8 9 8 9 4 9 4 7 2 9 7 8 8 9 4 6 9 3 7 8 9 8 6 
4 9 9 3 5 6 4 8 9 1 4 7 4 9 1 2 8 9 8 4 1 2 7 5 5 1 9 9 5 4 8 3 9 5 1 7 6 2 9 5 4 8 8 9 1 7 3 1 7 9 7 3 9 3 7 9 9 1 9 1 4 9 5 2 7 6 3 7 6 9 7 3 1 4 2 5 1 9 8 1 6 1 9 3 6 4 4 9 6 3 8 4 9 8 5 4 7 9 8 9 
3 9 1 9 7 2 5 8 4 6 3 6 8 3 4 7 9 8 9 8 6 6 8 3 2 6 3 7 3 9 9 9 9 5 9 2 4 1 7 6 9 9 2 8 9 7 1 9 6 8 9 5 6 3 1 9 3 5 3 8 6 2 6 6 8 3 9 3 9 9 3 8 4 8 6 8 3 7 1 1 9 1 9 9 5 9 9 9 7 9 2 2 9 4 1 5 7 4 9 1 
6 7 2 1 9 3 1 9 7 9 3 5 6 5 1 7 3 7 2 5 9 2 7 7 8 4 8 9 8 3 9 4 2 3 8 7 9 1 1 4 9 9 7 1 9 3 8 4 2 6 6 9 1 9 6 7 5 6 2 1 8 4 7 4 1 9 5 4 8 7 9 7 8 7 2 9 9 6 6 9 1 1 6 5 2 6 8 1 2 2 5 9 9 9 4 1 1 8 3 1 
9 5 9 7 4 9 9 7 9 9 8 7 6 6 1 1 1 9 6 1 8 8 9 4 3 9 2 9 3 7 8 9 9 9 3 8 9 9 8 5 4 9 8 6 7 4 9 5 8 9 6 3 1 6 8 8 8 8 7 7 7 7 8 3 9 2 1 9 1 4 2 4 3 9 9 7 8 7 8 1 9 5 8 9 8 9 9 9 2 6 9 8 8 9 2 9 4 5 5 1 
7 8 9 7 5 3 5 9 1 1 1 2 7 1 9 7 8 9 6 7 2 2 9 7 2 9 8 4 8 6 7 2 8 2 6 9 7 8 4 6 1 5 3 6 5 1 4 7 1 1 2 4 4 8 1 5 8 7 8 2 8 1 6 9 2 5 8 7 6 9 8 9 7 8 4 7 8 2 2 8 7 8 8 3 1 3 8 3 5 9 5 9 9 7 3 6 9 7 9 1 
5 8 3 1 2 9 7 8 4 8 1 9 1 9 5 1 1 9 1 7 9 4 8 9 6 4 8 4 1 2 3 4 9 6 6 7 3 7 9 9 4 1 4 5 7 3 3 7 9 1 9 8 1 5 3 8 8 4 5 6 8 8 8 9 9 1 8 6 8 1 9 7 1 9 2 4 7 8 9 6 6 9 9 6 5 8 5 2 9 9 9 9 1 5 9 5 8 2 1 6 
7 8 2 3 9 9 1 3 6 9 9 9 9 3 4 4 4 2 8 8 2 1 7 4 9 7 1 7 1 9 8 7 9 6 7 8 8 1 3 9 3 8 4 1 8 1 6 9 1 9 5 9 3 9 9 6 6 7 1 5 9 9 2 5 8 1 4 8 8 3 7 6 4 6 9 5 3 9 7 8 5 7 9 3 9 4 8 1 3 4 5 4 9 9 5 5 9 5 1 1 
9 8 3 6 7 3 3 6 1 4 8 6 9 4 9 1 1 3 9 1 7 8 9 8 7 8 8 1 4 9 7 3 9 8 2 3 9 9 2 3 8 1 1 8 3 8 1 1 8 3 9 9 8 8 7 7 6 2 7 1 3 9 1 2 3 6 1 4 8 9 1 5 9 2 7 9 3 9 1 7 8 3 4 8 9 8 3 2 8 2 6 6 1 5 9 9 4 9 1 6 
5 8 7 7 7 7 3 6 9 8 9 8 9 8 9 4 8 8 9 4 3 8 9 1 9 9 9 6 9 7 7 7 7 6 9 9 9 9 9 3 2 9 6 9 8 4 9 8 4 7 1 2 2 9 2 9 2 3 8 9 9 4 7 9 6 9 7 5 9 3 8 7 9 2 7 2 7 3 9 5 7 9 8 6 4 9 8 1 2 8 9 9 3 9 9 3 2 7 7 1 
2 5 4 2 1 8 5 6 4 8 2 2 8 9 4 1 3 8 1 9 9 5 6 5 1 7 9 5 9 9 8 4 4 5 8 7 5 9 4 3 4 6 9 1 1 8 3 1 4 7 6 9 1 1 8 3 8 7 7 9 9 8 1 6 1 9 4 7 9 9 8 3 8 9 5 8 8 4 3 9 9 7 7 3 5 7 4 3 1 3 9 8 7 6 7 1 1 3 6 9 
7 8 8 2 1 2 3 9 1 2 8 8 1 6 6 9 7 9 1 3 9 9 5 9 8 9 9 4 5 9 9 6 9 1 1 5 1 8 1 4 6 4 9 8 7 9 9 8 9 9 9 8 6 9 8 8 5 9 6 8 7 8 8 8 6 2 8 6 7 7 3 1 6 5 1 6 8 4 1 7 9 9 2 1 5 9 9 8 9 9 2 9 9 7 2 9 3 7 6 1 
7 7 6 7 3 1 9 8 8 6 9 8 1 1 8 9 8 3 9 8 8 9 8 9 2 1 8 8 9 1 9 8 9 9 7 9 1 9 8 5 1 1 2 4 9 9 8 1 7 1 1 3 1 1 7 7 7 9 8 7 9 3 6 9 3 4 1 8 2 6 4 4 1 8 9 8 2 8 1 5 5 6 7 8 6 8 2 8 8 7 3 7 7 9 6 8 9 1 8 7 
6 5 1 7 9 7 6 9 5 4 4 4 9 9 9 6 9 8 7 5 5 2 9 8 9 7 9 3 8 3 8 6 5 5 7 4 1 2 6 8 4 9 4 3 6 9 1 4 9 9 2 8 9 5 9 5 1 8 1 7 3 1 9 9 5 8 7 5 3 7 9 9 6 1 9 9 4 8 3 9 2 4 4 2 1 1 2 7 3 3 7 9 6 9 7 7 1 5 7 7 
1 6 7 8 6 5 3 2 5 7 3 9 8 8 1 1 5 3 6 1 8 9 7 9 9 6 5 9 9 9 9 5 8 7 9 9 8 9 9 6 9 2 8 7 4 6 1 9 1 1 6 7 9 2 7 8 9 6 2 8 9 9 9 7 8 6 1 3 8 6 5 3 2 5 5 6 6 1 6 4 9 9 2 7 9 9 3 2 9 5 1 8 9 9 9 1 7 6 4 2 
9 5 7 2 5 7 9 3 8 5 4 5 1 7 2 3 8 8 5 5 6 1 7 7 9 2 1 7 7 8 9 5 3 6 1 1 7 6 2 9 9 9 4 9 4 1 5 6 1 7 6 4 4 1 9 8 7 2 2 7 6 2 8 2 5 7 2 7 9 5 2 6 4 3 6 7 2 2 1 9 3 3 1 9 1 1 6 7 9 8 2 1 8 1 9 5 7 6 9 2 
6 3 1 5 8 5 2 2 9 9 9 9 2 4 9 8 4 1 8 9 3 6 1 9 6 5 2 9 3 7 1 9 9 9 2 2 9 5 6 8 5 9 5 1 3 9 5 3 5 8 8 9 3 7 1 2 1 9 8 7 7 1 9 9 8 8 5 6 1 9 4 3 7 5 3 9 3 5 9 1 2 8 2 6 6 1 1 2 1 7 7 9 9 8 9 1 4 1 1 6 
2 9 8 5 8 8 1 3 9 7 9 5 8 1 9 2 3 7 9 9 4 9 7 9 5 5 9 6 9 9 6 9 9 5 1 9 3 5 9 5 6 6 8 1 5 3 6 4 8 8 6 4 9 5 7 6 1 9 5 9 3 6 5 3 4 3 5 1 2 3 8 4 2 8 6 5 1 5 1 8 4 6 2 5 3 9 6 3 5 5 1 8 2 6 8 9 2 9 7 2 
9 1 8 1 6 1 9 6 6 6 2 5 1 2 7 9 9 3 6 9 8 4 2 6 5 4 9 4 8 5 7 1 8 8 6 8 2 3 6 8 9 9 4 9 6 7 8 9 5 2 6 9 8 9 6 1 9 7 9 8 9 1 8 2 1 7 6 8 6 3 6 9 4 3 9 9 4 3 2 1 3 7 3 8 8 9 3 4 1 2 2 9 6 7 6 1 4 8 6 8 
9 5 9 3 1 1 4 1 5 3 7 2 6 4 5 6 7 6 9 9 5 8 9 4 8 8 2 8 2 1 8 3 8 9 3 4 2 2 8 8 7 2 3 5 4 9 6 4 1 8 1 9 9 4 1 7 8 4 9 9 8 2 3 1 8 1 7 6 6 7 6 9 9 5 8 4 4 4 9 4 9 2 8 4 9 2 2 2 4 9 8 9 7 4 4 9 6 1 3 6 
9 9 1 6 2 9 9 4 7 9 8 9 2 9 1 7 7 9 3 3 5 9 9 9 9 7 9 3 1 9 9 9 1 7 9 5 7 9 9 9 7 7 7 6 8 2 1 3 9 9 8 7 2 1 2 9 9 3 9 8 9 5 9 9 1 9 8 9 6 9 3 2 9 5 5 9 4 7 9 9 5 9 1 2 8 3 8 1 8 9 4 4 4 9 1 1 4 8 9 5 
4 9 2 1 4 7 1 2 9 3 8 1 5 8 6 9 8 1 9 2 1 3 9 3 7 9 2 8 1 9 9 2 9 2 9 8 1 7 9 8 3 6 4 8 3 4 9 5 3 9 8 6 9 7 3 7 7 3 8 9 7 9 6 6 7 3 1 3 9 9 1 4 9 7 7 3 9 5 7 3 8 5 6 9 2 9 4 8 4 6 1 7 9 8 9 5 3 8 7 9 
7 9 3 9 2 1 9 7 2 7 3 8 8 5 8 1 1 9 9 6 5 4 8 8 8 5 2 2 5 9 9 4 9 9 1 9 4 5 8 9 9 8 9 3 2 4 3 6 1 5 6 4 9 2 6 1 6 2 9 5 1 2 8 6 6 8 8 8 7 4 3 1 2 2 9 3 5 8 9 7 8 5 9 4 1 1 7 7 3 9 5 1 1 8 9 4 2 6 1 8 
8 4 3 7 6 3 3 8 2 3 1 9 3 7 4 9 9 8 7 2 2 9 4 9 3 9 9 2 9 9 3 5 2 4 6 7 9 5 9 3 4 7 8 9 9 7 1 1 7 4 9 9 8 6 2 3 8 7 2 9 5 8 8 7 4 9 9 4 4 9 9 3 7 2 3 3 6 9 8 7 6 2 9 1 1 9 4 4 9 6 2 8 7 2 3 9 3 9 3 2 
1 9 5 7 5 9 5 1 5 2 9 4 4 1 3 4 9 9 1 2 9 8 9 8 6 9 2 1 9 9 9 6 8 6 4 2 9 1 9 6 1 8 8 8 5 6 8 2 5 5 8 2 8 9 1 8 4 8 9 7 5 7 9 9 8 2 9 2 9 8 2 7 8 9 8 8 9 5 1 1 7 6 6 9 1 9 8 3 6 1 7 9 1 7 4 8 9 2 1 2 
8 1 3 9 8 9 3 1 8 9 7 5 9 5 3 6 7 1 9 3 7 1 1 9 8 9 6 7 4 9 8 8 3 4 6 3 9 8 8 6 7 2 5 9 6 3 1 4 6 9 9 1 1 8 6 9 7 6 2 8 1 2 7 4 9 8 3 7 3 1 9 4 2 4 3 6 7 8 1 9 9 1 2 5 6 7 5 4 8 8 4 9 1 4 6 5 9 4 4 9 
4 8 2 2 9 2 5 9 9 7 9 9 9 8 6 2 1 4 9 9 1 6 4 2 9 9 9 6 1 6 8 8 8 8 8 4 5 1 9 7 9 7 5 9 4 9 5 7 8 2 6 5 9 4 2 5 9 8 2 7 4 9 9 8 9 7 4 4 4 8 5 3 9 6 7 3 1 6 9 6 5 1 9 9 9 8 7 9 2 8 9 1 8 9 8 4 1 3 6 1 
5 2 4 1 5 3 1 8 8 9 9 9 8 7 9 9 3 9 4 8 7 5 2 1 7 7 6 8 3 8 9 3 9 6 4 1 8 9 1 3 9 8 5 5 1 2 4 1 8 8 8 3 1 1 2 9 9 4 3 7 6 9 4 9 1 6 1 8 1 9 9 1 7 9 2 2 6 2 4 8 2 9 7 8 9 3 1 8 6 1 5 4 8 3 8 9 6 8 2 6 
6 9 5 2 4 3 3 4 7 8 1 8 1 2 9 9 9 2 3 9 5 8 9 8 1 3 8 3 7 5 8 1 8 2 4 6 7 1 1 9 5 8 7 7 4 5 1 8 9 7 3 8 4 8 9 9 1 7 8 8 1 9 5 1 2 4 7 8 3 9 1 1 4 1 3 5 9 1 9 8 9 9 8 7 4 6 9 8 9 3 5 3 9 7 6 7 8 9 3 9 
9 9 9 8 1 7 8 2 8 1 1 6 8 1 3 8 2 1 9 6 8 8 6 2 9 7 1 5 1 6 4 3 9 3 9 8 9 3 8 1 3 8 5 3 6 2 8 3 9 2 2 3 8 2 8 1 8 9 9 8 9 1 1 1 1 8 3 7 6 9 7 9 9 4 3 7 8 5 1 8 8 5 1 2 3 9 1 3 8 7 9 6 6 8 7 7 6 8 7 2 
3 4 7 9 2 9 9 9 6 8 6 8 2 1 7 8 6 6 6 2 6 3 8 9 9 8 4 9 1 2 6 1 9 9 9 4 9 5 2 1 3 8 8 6 5 9 6 4 3 9 4 6 2 9 4 8 9 9 8 8 8 2 8 7 7 9 2 8 7 6 1 7 8 9 1 4 5 9 8 7 9 6 7 9 3 9 3 8 2 8 9 4 8 8 1 6 3 9 8 4 
1 2 2 5 6 2 6 6 9 7 9 1 1 7 2 1 9 2 7 3 7 3 8 9 3 9 6 7 9 6 9 9 9 3 7 6 3 2 3 3 4 6 1 9 5 4 2 6 9 1 1 9 2 3 8 3 1 8 5 9 4 4 6 3 6 9 4 9 9 9 1 6 8 9 3 9 9 5 1 3 6 8 8 9 1 2 9 8 5 2 9 9 8 4 5 8 8 4 4 8 
7 8 8 9 4 9 2 4 4 5 2 9 6 9 8 9 1 5 3 7 1 4 4 2 3 9 6 5 4 9 2 9 6 9 8 1 9 9 1 5 2 7 1 4 8 5 1 7 8 7 5 7 5 8 8 9 9 7 3 9 4 7 9 8 7 7 9 9 7 7 8 7 1 9 1 8 7 7 1 6 2 9 1 2 5 2 2 5 7 9 6 7 2 7 3 5 9 8 9 3 
5 7 7 8 8 9 7 1 9 9 7 1 8 4 3 3 9 9 9 1 5 3 1 3 2 8 9 6 8 8 6 7 1 2 3 5 8 3 8 9 1 5 7 7 8 8 4 3 4 8 2 4 9 2 4 9 2 8 1 9 2 1 5 8 7 7 1 4 9 7 6 8 9 1 5 9 3 1 8 6 1 9 9 1 2 1 9 9 4 5 9 6 5 1 2 3 8 7 6 8 
1 7 9 5 8 3 6 1 9 7 7 9 9 4 7 9 9 1 7 1 8 9 9 9 8 5 9 8 9 8 9 4 8 9 9 6 7 3 7 3 9 9 5 1 9 8 2 7 9 8 9 1 9 1 8 9 8 8 8 9 9 8 5 3 1 2 2 1 7 1 4 2 4 4 9 6 8 6 8 1 2 3 9 5 1 6 7 1 9 9 2 3 8 9 6 7 9 3 9 9 
6 5 2 9 8 5 3 9 3 9 9 1 2 9 1 8 7 9 1 8 9 9 8 6 8 3 9 7 8 7 9 5 3 5 7 2 7 7 4 8 2 7 9 3 8 6 7 8 8 2 8 5 4 9 4 8 5 4 9 9 3 9 3 8 6 7 4 4 4 9 8 9 5 5 9 3 8 6 8 5 9 9 7 8 9 2 6 9 6 4 7 1 4 9 4 9 9 7 6 5 
1 8 7 8 8 1 8 9 2 5 1 8 6 4 8 5 1 9 9 5 5 9 5 3 9 3 1 9 9 7 3 2 8 9 1 1 8 9 6 6 1 1 9 8 6 7 7 6 9 8 4 7 6 3 5 4 4 7 4 8 1 7 9 8 7 1 8 1 5 9 3 4 8 6 6 9 5 9 9 9 1 1 7 5 2 7 9 7 6 8 8 8 5 9 9 3 5 7 1 1 
6 2 3 6 4 1 9 3 1 9 7 4 1 9 2 9 5 1 1 5 8 3 5 4 6 8 7 4 6 5 8 8 1 1 1 1 7 9 8 8 9 6 9 4 9 7 2 9 6 9 8 5 8 8 9 2 7 8 8 8 3 2 4 2 9 9 9 5 9 9 9 4 6 8 4 7 9 9 9 9 7 9 1 3 9 9 1 5 4 4 9 8 8 9 9 8 8 9 9 8 
1 1 9 8 6 7 8 6 8 3 3 4 9 6 1 3 9 3 6 8 7 7 9 3 9 8 9 1 9 3 9 1 1 8 9 1 2 9 6 9 1 8 7 8 5 7 9 5 9 9 6 8 9 6 3 6 3 4 7 3 2 7 9 2 1 9 8 9 9 7 3 5 9 4 3 8 9 8 9 6 8 6 3 7 1 4 2 9 9 8 8 7 3 5 1 8 2 6 9 8 
1 9 9 8 2 2 3 4 7 4 4 6 9 2 2 8 5 8 6 5 6 8 1 8 9 8 9 5 8 7 1 7 4 2 2 2 9 8 2 5 7 2 8 8 7 9 1 7 4 6 3 1 6 9 1 1 5 1 9 2 1 9 9 8 8 7 7 9 3 7 1 9 9 2 5 6 1 8 9 1 5 5 6 4 7 7 6 5 1 6 1 2 3 8 9 1 9 1 5 8 
6 4 3 2 5 4 8 9 1 7 4 5 4 7 5 8 9 4 8 9 6 8 6 8 7 3 5 1 9 9 6 9 9 5 5 5 4 9 7 5 4 2 1 9 6 5 7 6 3 7 5 2 5 7 9 1 7 9 7 1 3 9 9 7 5 5 4 6 6 1 6 9 9 1 3 7 6 2 1 8 9 4 8 3 6 6 9 4 7 7 9 1 7 5 6 8 6 3 6 6 

MATRICE DELLE SOMME
3 11 19 24 25 34 37 45 52 61 69 76 85 93 101 102 108 112 120 122 131 136 143 145 146 154 160 163 167 171 177 185 186 195 202 208 209 210 214 223 230 236 242 247 255 262 271 272 276 280 284 287 295 304 313 319 321 327 336 343 345 354 355 358 362 365 374 375 376 385 394 403 408 417 424 425 433 437 438 447 448 457 464 468 470 474 479 483 487 490 491 499 508 514 521 522 526 535 544 548 
10 17 24 25 26 28 37 38 47 56 57 62 71 77 80 89 93 100 107 116 117 123 124 129 135 143 147 153 162 171 172 181 186 192 198 207 208 215 216 218 222 225 231 237 238 242 244 253 257 261 269 278 283 289 298 306 313 320 322 330 338 341 342 345 353 358 365 374 377 385 394 403 411 416 422 431 439 442 442 450 452 460 468 469 470 473 474 475 483 490 493 495 504 511 519 524 525 534 543 547 
15 18 27 32 34 37 45 45 53 62 66 71 80 81 89 98 94 103 104 112 113 122 127 128 135 136 145 153 160 168 173 182 186 189 196 205 213 217 225 219 221 223 224 225 228 237 242 244 247 251 259 266 273 282 284 289 298 304 308 317 320 329 337 342 349 351 355 364 373 382 391 392 401 409 415 423 432 441 444 450 457 462 464 470 479 481 481 483 484 491 492 498 500 509 518 527 533 539 548 556 
23 27 32 41 42 46 54 52 53 56 65 74 75 82 84 86 95 100 107 113 117 120 129 134 135 137 145 154 158 159 168 174 182 189 198 207 215 219 223 222 223 232 225 234 229 238 242 244 253 252 260 267 268 273 282 291 296 297 303 308 311 314 318 327 335 337 344 353 360 367 375 377 378 380 385 392 399 400 409 418 427 434 443 449 450 453 454 456 463 464 472 474 480 488 489 498 501 502 511 519 
25 33 36 42 44 45 54 61 56 58 63 69 78 86 88 88 96 103 112 120 126 121 127 136 137 139 142 146 152 153 157 160 161 162 170 171 173 180 189 198 205 207 211 219 228 231 237 240 243 252 260 269 273 281 289 292 301 306 311 309 318 319 325 334 335 340 343 351 352 356 358 364 365 370 371 377 386 394 401 403 409 411 420 424 432 439 440 446 451 452 453 460 465 467 474 483 489 492 493 494 
31 38 38 43 44 53 62 66 63 67 64 65 73 75 81 90 96 105 114 118 125 123 126 129 135 143 143 145 151 152 160 169 162 163 172 178 182 189 194 201 210 209 211 214 216 225 228 237 246 253 262 269 278 283 292 301 309 312 312 316 325 328 328 337 338 339 343 344 348 353 362 370 368 370 374 377 379 388 393 397 403 412 417 426 434 443 443 452 454 454 460 461 463 472 477 484 488 489 498 502 
37 45 39 47 46 47 56 62 71 73 65 67 75 80 86 94 95 103 104 111 119 128 133 130 138 146 151 150 159 154 162 170 171 169 170 179 180 185 189 198 202 209 216 215 224 225 226 235 238 243 252 261 270 273 282 284 290 292 296 303 310 319 320 324 325 334 340 343 352 353 354 357 366 372 378 382 387 388 389 398 407 411 413 422 426 430 439 443 452 453 455 463 466 474 480 485 486 494 499 508 
39 41 41 42 49 48 54 56 65 71 74 71 76 84 93 94 96 102 109 116 123 132 133 132 140 141 147 148 150 159 168 173 178 178 179 183 189 187 188 196 204 211 218 220 222 227 227 235 239 247 255 259 266 275 283 285 287 294 303 309 314 322 329 333 328 336 345 347 355 361 356 365 366 373 380 384 392 397 398 407 413 420 415 424 427 436 444 450 457 462 462 470 469 471 476 477 483 491 498 506 
48 43 42 45 53 52 56 58 61 62 66 69 72 76 85 94 103 111 118 117 124 133 137 134 142 147 156 150 157 166 167 170 177 185 181 185 187 188 195 198 200 208 217 222 223 226 228 236 242 251 257 262 271 280 286 294 294 300 309 317 317 321 325 327 334 341 350 353 354 361 365 371 370 377 385 391 396 404 404 407 409 415 421 430 434 443 451 458 461 465 469 471 475 476 484 484 489 498 507 512 
54 46 43 46 55 61 59 63 67 63 69 70 75 83 91 97 106 115 124 118 124 131 132 140 142 151 160 152 160 169 176 171 175 176 182 186 194 197 204 206 205 210 212 215 221 230 235 244 246 249 258 262 271 273 276 285 288 289 292 294 301 304 306 309 312 321 328 333 339 345 353 361 366 374 383 384 391 399 406 410 416 423 429 436 442 449 451 453 461 464 465 472 479 483 488 491 490 494 502 508 
62 53 44 47 56 65 60 62 70 72 74 74 83 91 92 100 107 113 116 121 129 138 141 143 151 160 169 153 161 170 175 179 179 185 187 188 189 197 206 207 214 216 218 224 229 237 236 245 253 252 260 262 267 276 283 290 295 297 301 296 297 299 301 308 314 323 332 339 344 353 360 363 370 376 381 390 399 402 411 416 425 432 435 442 443 452 453 456 463 472 474 481 488 488 490 498 494 497 502 508 
71 58 53 48 51 60 69 65 66 73 82 79 87 89 96 97 105 106 114 123 129 132 140 149 153 158 165 155 158 164 172 175 176 185 192 194 192 201 207 210 215 219 226 225 229 230 231 240 243 249 253 257 258 259 267 273 276 281 289 294 298 307 309 315 318 325 326 332 341 344 352 356 364 373 381 382 391 392 399 406 413 422 423 427 433 436 445 449 451 459 460 464 470 471 480 485 494 499 508 513 
80 61 60 49 54 60 63 71 72 75 83 80 89 93 97 104 106 115 122 126 134 141 143 152 153 156 162 157 162 168 173 174 183 191 195 202 201 207 214 217 218 226 233 234 237 231 232 239 240 249 250 256 264 266 271 279 277 285 287 293 302 304 311 316 323 331 331 340 342 343 350 359 361 366 375 377 385 391 400 408 416 425 430 428 437 437 445 449 454 457 464 466 471 476 485 487 493 502 506 507 
89 68 65 58 58 59 62 64 65 68 70 75 79 85 86 87 92 97 102 105 113 115 124 125 132 133 138 144 147 150 151 159 166 174 179 188 192 201 206 207 216 225 234 236 244 240 234 241 243 246 248 257 266 275 280 286 286 290 296 297 304 305 311 320 324 327 336 345 350 344 350 351 357 359 360 363 372 381 390 397 404 411 420 421 427 428 431 432 435 443 447 453 460 462 471 475 480 487 495 496 
92 74 72 67 64 68 68 69 73 74 78 84 83 92 93 95 100 101 108 112 113 114 118 119 120 125 131 140 142 147 152 160 164 168 176 180 185 186 194 196 203 211 212 220 225 229 236 239 246 255 255 261 268 277 282 283 292 291 293 299 300 301 307 316 321 329 338 347 350 353 351 356 365 366 369 367 374 375 383 389 398 407 416 425 432 432 440 435 443 450 449 453 462 471 473 476 482 484 485 491 
100 78 81 71 66 75 69 77 81 78 87 93 87 88 90 95 103 108 115 119 121 118 121 126 126 132 140 149 143 148 156 164 168 170 175 184 193 195 199 205 212 220 216 221 227 236 245 248 248 251 258 259 261 262 265 274 282 283 286 295 302 310 308 313 318 322 331 334 335 344 348 354 356 364 373 372 373 380 389 398 403 411 412 421 426 427 436 444 445 451 452 461 468 471 478 485 491 493 489 491 
102 85 84 76 73 82 75 77 81 83 84 85 94 89 98 97 98 104 112 113 119 120 128 130 127 136 145 150 150 152 161 170 177 174 177 180 188 189 198 205 213 218 222 228 235 244 253 253 256 258 267 268 262 264 272 281 290 291 287 294 303 304 311 317 326 324 333 334 336 345 352 358 365 371 380 380 382 386 387 389 391 400 402 404 412 414 419 428 437 445 451 454 455 460 467 476 484 490 490 498 
105 94 85 85 78 82 84 83 83 89 93 94 99 97 102 99 105 113 113 121 120 122 131 139 135 139 144 149 157 160 161 162 171 178 184 183 186 195 203 209 218 219 226 235 240 241 242 250 259 259 265 266 269 273 278 287 296 297 293 295 297 306 307 315 319 326 335 339 345 346 348 356 365 366 375 377 378 387 396 397 393 395 404 412 421 417 418 424 425 434 440 449 455 464 471 480 487 494 496 497 
114 96 87 86 86 83 84 92 89 98 95 100 101 104 104 108 114 122 122 127 126 128 131 140 137 144 148 157 162 164 170 165 174 179 180 189 190 199 200 204 213 215 222 228 230 233 242 245 253 262 265 266 268 275 282 288 296 299 302 304 299 306 307 309 311 319 328 337 344 346 355 363 367 367 372 378 380 389 393 394 399 403 408 417 423 426 421 426 434 435 436 445 454 458 465 467 470 475 482 491 
123 98 92 95 94 86 93 101 95 102 104 105 110 107 109 109 110 118 121 127 135 137 140 148 144 147 153 162 163 165 167 172 180 183 188 195 199 205 202 210 215 224 227 233 237 236 241 249 256 262 263 269 271 272 279 281 289 290 299 308 300 304 310 318 320 325 332 338 345 350 356 363 369 368 372 381 389 390 399 401 400 404 410 419 427 432 428 432 433 436 439 443 451 460 461 466 474 476 481 489 
124 106 99 96 100 91 99 103 98 100 102 111 118 116 113 111 112 117 120 121 128 135 140 149 152 151 158 164 166 171 173 180 188 184 192 201 207 206 210 215 223 228 232 237 242 244 249 258 265 268 269 278 275 280 281 282 283 289 297 303 303 304 305 306 313 322 331 340 345 346 355 364 373 369 371 376 384 391 395 396 405 405 414 423 425 428 434 436 440 441 446 450 458 465 468 474 482 479 484 492 
132 113 102 105 108 96 98 106 100 105 109 117 119 122 114 115 117 118 127 129 137 136 142 149 158 159 162 167 175 175 175 184 191 186 187 195 203 205 211 215 223 224 230 231 240 247 248 255 263 270 272 280 284 282 288 291 285 289 297 305 312 306 313 308 310 313 318 325 331 340 342 349 358 367 372 377 386 387 388 391 397 401 410 418 425 428 431 438 439 446 449 455 464 465 469 475 478 487 488 496 
140 115 111 114 109 98 99 104 101 104 108 117 124 123 121 124 123 120 125 130 135 144 150 151 157 164 163 172 179 183 181 182 187 195 196 198 203 207 215 222 230 230 239 239 247 256 257 259 267 273 276 285 293 285 294 295 286 292 297 302 308 315 319 315 315 321 323 328 330 338 339 343 352 353 356 358 365 374 383 392 401 404 406 414 415 423 432 433 441 447 451 453 462 467 476 477 482 484 491 494 
149 121 117 121 118 107 108 108 109 106 115 123 124 128 123 124 128 129 133 138 140 143 152 154 162 163 172 181 180 189 182 191 196 199 205 201 208 213 215 222 231 237 242 248 252 260 266 265 268 269 273 275 284 289 294 303 295 297 302 309 311 318 326 320 322 328 332 337 339 346 346 349 357 360 363 365 374 379 382 387 390 396 397 399 408 413 415 419 426 435 436 445 454 463 464 467 476 485 487 488 
157 126 123 126 125 108 109 114 116 113 121 128 127 128 124 133 137 138 134 138 140 143 152 160 166 166 169 175 184 187 191 199 205 200 203 202 205 212 217 225 234 243 247 256 261 265 272 271 269 273 282 283 292 296 303 308 296 304 311 316 315 322 331 329 323 329 331 337 346 349 348 355 357 366 372 373 380 386 388 395 392 398 402 404 413 421 419 421 424 431 433 435 443 448 450 459 467 468 473 481 
163 134 125 127 132 111 116 117 121 122 129 136 136 131 127 133 142 147 143 143 149 144 149 158 159 167 175 184 188 194 196 197 206 208 211 208 208 211 220 229 230 239 247 248 256 257 258 267 269 272 276 277 285 291 300 309 302 306 314 323 316 321 325 334 331 332 340 346 349 358 352 361 363 365 370 373 375 378 386 395 393 401 410 412 421 425 428 423 430 437 439 440 449 456 451 457 465 474 477 485 
164 143 128 129 136 117 124 120 127 128 131 132 139 132 128 136 139 141 150 146 150 153 151 153 154 163 166 167 169 175 184 186 194 195 197 205 206 211 218 227 234 240 241 244 245 247 251 252 261 262 265 269 278 287 296 299 307 312 318 326 325 322 330 331 338 341 349 348 354 357 360 365 364 373 379 378 383 380 389 393 394 399 406 409 416 423 432 429 432 436 440 444 451 460 458 464 473 474 480 481 
165 144 132 135 141 126 133 121 123 129 136 138 142 141 136 144 142 147 148 154 155 162 158 162 163 171 174 175 175 182 189 195 200 204 206 210 211 217 226 235 239 245 247 253 253 248 257 253 259 268 274 270 277 280 282 289 290 291 299 305 311 320 328 333 342 345 353 349 352 359 367 369 366 368 370 371 379 386 395 400 395 399 408 417 425 427 428 433 433 435 442 451 458 466 467 470 479 479 484 487 
167 151 133 139 147 128 134 130 132 138 143 145 148 147 138 139 144 150 156 163 164 167 162 170 166 167 171 180 184 183 188 197 204 205 214 215 217 226 231 235 244 248 256 260 262 250 251 254 255 258 264 271 272 276 278 286 295 294 296 303 307 316 323 329 331 339 341 349 358 366 368 377 371 372 371 380 384 385 394 396 404 403 412 418 419 423 425 434 440 437 444 451 458 467 468 475 484 485 485 493 
176 159 134 143 149 136 143 135 133 134 138 144 153 150 144 140 147 153 162 170 165 170 171 178 172 169 176 181 182 184 186 191 194 203 210 215 220 227 230 235 243 250 257 262 263 254 260 255 262 263 265 266 273 281 282 288 295 302 304 311 316 321 330 338 338 344 350 352 360 369 373 380 372 374 375 376 383 386 394 403 412 412 421 419 425 430 431 437 445 444 449 455 463 465 468 469 478 484 492 493 
177 166 137 146 154 145 151 143 136 140 142 148 156 151 153 141 150 156 164 166 171 179 178 183 181 170 177 180 188 188 187 190 198 207 214 221 229 236 232 235 239 248 249 258 266 263 269 263 264 270 274 273 277 286 284 286 291 299 300 309 318 327 328 335 338 345 353 353 359 360 363 372 381 381 382 383 390 387 392 400 401 409 418 422 431 431 433 434 436 445 446 449 458 466 469 470 478 487 490 495 
185 175 146 147 153 153 152 145 143 147 143 146 155 153 160 143 144 150 151 159 167 175 178 186 189 179 186 182 190 189 194 196 202 211 219 225 226 235 241 243 243 250 250 257 264 272 275 272 271 279 276 275 282 284 293 287 296 297 304 313 318 325 332 333 342 343 350 359 360 367 366 369 378 379 381 384 392 396 396 401 403 412 421 429 434 440 437 436 437 444 450 451 458 463 472 478 487 488 497 499 
193 182 154 155 161 160 161 147 144 147 151 150 154 162 169 144 146 151 157 166 170 174 180 189 194 180 181 187 192 192 201 205 205 211 217 218 226 233 242 250 251 257 259 258 262 269 275 280 273 275 276 284 291 285 292 294 300 298 304 311 319 326 333 336 337 342 348 349 358 360 366 367 373 381 383 384 389 392 397 404 406 409 417 419 427 431 439 445 446 453 459 460 467 466 471 477 484 489 490 497 
202 189 163 157 158 159 161 151 145 154 160 157 162 168 172 147 154 160 158 159 168 176 179 187 193 189 190 196 194 199 202 211 208 217 224 219 225 232 240 245 252 259 266 261 269 278 281 289 282 282 279 282 289 287 295 300 309 307 311 315 316 319 320 322 323 328 332 341 350 355 364 369 373 375 383 387 396 401 405 413 407 413 416 420 426 435 437 438 440 447 453 455 457 463 464 473 475 484 486 489 
210 198 166 163 159 166 170 154 154 163 164 166 170 173 178 154 161 168 165 160 164 170 179 181 189 192 193 201 198 206 203 205 206 213 215 222 226 231 240 244 253 255 264 267 269 274 280 288 287 284 288 291 291 293 295 296 300 305 312 321 321 322 325 330 324 326 335 343 344 351 352 359 365 367 376 385 389 398 407 416 415 421 417 418 423 428 434 435 439 442 451 460 463 472 465 471 480 487 488 489 
213 205 167 164 168 175 176 160 160 165 167 175 179 182 187 163 167 173 172 164 167 176 182 190 194 194 194 202 201 202 207 211 210 219 224 230 235 240 241 250 251 260 268 271 274 279 283 289 288 293 297 292 300 299 303 304 305 308 309 313 321 330 333 339 329 335 339 347 353 357 355 356 364 369 370 379 388 397 405 410 414 415 417 419 420 421 428 437 439 441 450 454 455 463 465 469 477 478 487 496 
214 207 176 165 171 176 182 161 163 165 174 182 186 188 191 164 172 181 181 171 172 181 186 187 188 196 195 204 210 209 216 212 216 225 230 232 234 242 242 246 253 257 265 272 276 277 282 291 293 302 300 296 305 300 306 313 313 311 314 316 317 326 333 338 336 344 348 353 355 364 356 357 365 374 371 376 377 384 393 396 402 404 408 415 419 425 433 441 443 449 458 459 457 466 471 478 482 486 495 497 
222 214 177 169 178 178 180 162 167 169 175 176 184 187 188 172 181 188 190 177 180 188 188 188 195 197 204 212 219 214 216 218 224 225 231 234 239 247 251 255 262 260 264 266 273 282 283 292 301 303 302 301 304 309 311 317 319 319 319 321 324 333 334 342 341 350 352 359 357 358 364 359 366 372 378 382 382 386 390 393 401 402 409 410 419 428 437 444 449 451 460 462 465 470 472 477 478 480 484 485 
231 219 186 172 174 181 189 165 174 178 179 177 180 189 190 181 185 194 193 181 187 195 190 197 199 204 213 219 222 219 221 221 224 228 235 240 245 253 253 262 266 269 265 268 269 277 282 288 297 298 304 304 310 313 315 318 325 327 323 323 332 336 342 343 346 350 359 364 364 364 370 364 373 380 383 390 388 394 397 401 404 407 408 411 418 419 427 434 442 446 455 459 466 467 476 481 479 483 487 491 
236 227 191 176 183 188 197 170 173 175 184 185 181 182 191 190 191 200 202 182 188 197 198 203 208 208 211 212 221 221 227 229 233 236 244 241 249 250 259 263 272 270 274 270 277 283 288 295 300 307 308 305 306 315 316 325 330 335 332 324 333 341 343 345 352 359 367 370 372 371 379 373 382 389 385 392 396 398 400 407 410 412 409 416 422 423 432 439 440 442 444 445 454 460 467 475 476 483 491 495 
245 236 200 183 191 189 198 173 176 176 185 194 184 190 198 198 194 195 199 189 196 202 201 208 215 216 217 217 220 225 231 234 242 237 243 250 255 258 267 265 271 271 272 271 280 288 290 299 308 316 314 309 315 321 324 333 339 340 340 332 339 340 345 347 354 356 358 360 367 369 377 377 379 381 388 391 397 406 404 411 412 418 415 418 427 425 428 430 439 443 445 451 460 469 476 478 478 479 487 490 
246 244 209 189 190 197 201 174 181 178 186 187 188 197 198 206 203 196 204 195 197 201 210 214 215 216 225 222 225 229 232 235 244 242 247 252 253 260 264 272 280 279 275 277 285 286 295 299 308 309 311 317 323 330 332 336 339 341 349 339 345 342 351 348 357 359 363 369 369 370 379 384 380 381 390 398 398 407 409 412 420 420 424 425 428 434 429 433 434 441 443 452 454 463 465 474 481 482 488 492 
251 252 212 196 199 201 202 180 186 179 188 195 195 201 203 204 211 205 210 197 205 208 212 220 221 225 232 231 234 238 239 237 246 250 256 255 254 260 265 267 270 272 279 286 289 292 299 303 312 315 320 319 327 329 331 336 344 344 351 344 348 343 351 354 356 359 367 375 373 379 387 392 386 383 389 391 400 404 413 420 423 429 425 433 436 443 438 442 442 450 449 456 456 463 471 476 484 491 491 500 
255 256 218 197 205 207 206 187 187 180 186 194 196 204 206 205 213 211 218 206 206 212 220 221 223 230 239 240 235 236 245 239 248 256 262 256 263 269 270 275 276 281 287 287 295 301 305 304 313 319 328 323 332 334 332 334 338 347 353 352 354 352 359 362 359 367 376 376 381 388 394 394 395 389 396 393 395 403 410 419 424 431 429 432 441 447 442 448 447 456 455 463 463 467 476 483 492 493 493 495 
264 265 227 199 202 211 211 196 188 188 193 194 195 196 202 207 214 216 219 208 207 209 210 212 220 229 238 240 242 245 252 247 251 257 265 265 272 278 275 281 284 289 296 296 304 302 311 313 320 327 330 324 325 333 333 342 344 353 355 357 358 353 354 363 360 367 374 383 389 392 401 397 404 397 398 394 400 405 413 420 428 437 438 436 445 447 448 450 448 451 452 460 463 472 475 481 484 487 491 495 
273 274 228 202 211 213 220 204 197 192 201 195 200 203 207 210 218 225 220 213 208 214 219 220 222 231 232 241 245 249 258 256 260 260 265 271 272 281 282 283 289 296 297 301 304 303 312 321 329 336 338 333 326 334 342 345 353 359 364 360 367 355 363 371 369 376 377 385 388 389 395 404 413 403 407 403 401 409 418 427 436 438 446 441 446 453 456 455 457 452 453 461 470 476 477 483 490 492 493 502 
278 283 235 209 210 219 220 209 200 201 204 204 209 210 213 218 225 231 229 219 217 215 224 228 227 230 234 240 248 253 256 259 267 269 274 279 275 278 280 289 292 295 303 302 304 311 319 320 321 330 337 339 334 336 345 354 355 358 359 367 375 364 372 379 378 381 384 391 393 396 401 410 418 410 413 409 410 418 427 431 439 440 449 449 455 458 458 464 466 453 456 459 464 465 473 476 482 484 485 492 
283 291 241 218 211 220 229 214 209 210 207 212 218 212 220 227 232 234 235 226 226 224 229 230 228 229 236 241 242 246 247 252 258 260 261 269 278 287 289 295 299 297 304 310 313 320 320 328 330 339 346 347 335 341 349 357 356 360 368 368 376 373 381 380 386 387 388 389 398 400 401 408 417 413 422 414 414 416 417 418 425 434 436 442 450 457 466 473 473 458 465 460 467 474 481 484 488 493 492 493 
287 296 250 223 214 223 226 219 216 213 209 217 223 217 226 227 236 243 244 227 230 232 233 235 234 236 243 246 250 255 250 257 259 268 263 270 271 278 279 285 294 303 312 319 317 321 327 336 332 336 338 344 336 345 352 361 365 361 369 377 378 382 387 383 388 389 390 398 407 403 410 415 424 418 426 415 421 425 424 427 426 428 431 440 448 451 459 467 468 467 472 464 467 475 484 486 495 501 499 502 
295 296 257 228 223 231 231 226 222 215 211 220 227 224 233 229 230 239 242 231 234 241 241 237 239 244 252 247 251 256 251 257 263 272 264 271 274 280 282 291 299 302 303 309 318 324 330 338 338 345 345 351 337 345 350 359 365 369 371 380 386 390 391 391 395 396 398 399 400 401 406 407 416 425 431 424 430 426 427 436 435 429 437 446 448 456 461 463 464 473 478 473 468 471 477 482 490 495 503 511 
302 301 262 229 231 233 234 235 224 224 213 214 221 226 235 231 239 247 243 234 235 237 246 244 243 248 253 254 257 264 256 257 261 263 266 268 276 280 286 289 293 299 304 312 316 324 332 335 344 352 352 353 338 340 342 346 352 361 362 371 380 388 397 398 404 403 399 400 409 410 407 416 425 426 435 433 439 435 436 444 441 438 441 448 451 459 468 468 465 472 473 475 473 472 481 490 497 500 506 509 
303 305 270 236 240 236 235 240 229 232 222 218 224 233 239 239 247 249 252 243 240 238 245 250 246 251 252 261 263 268 262 266 264 270 270 276 283 285 289 295 300 308 306 314 323 328 332 339 345 354 361 355 344 342 346 355 359 367 370 375 377 386 388 389 398 402 406 401 404 413 416 424 427 430 439 442 441 443 442 445 449 443 443 449 455 456 459 467 467 472 480 484 476 477 478 487 490 496 505 509 
311 306 279 241 243 243 236 237 233 241 231 227 232 238 245 247 250 258 258 252 248 245 253 258 250 253 254 260 261 269 270 267 269 271 275 282 285 292 294 300 301 310 314 323 325 326 334 343 352 353 356 360 345 351 353 359 364 367 370 378 381 388 389 390 397 405 408 407 408 416 423 425 434 437 446 443 444 445 450 453 454 444 452 456 464 459 464 468 471 480 487 493 482 486 481 490 492 501 509 515 
320 307 286 250 244 248 241 238 234 243 235 229 232 241 242 251 257 264 267 258 254 252 258 266 256 259 263 268 267 275 279 268 270 276 276 277 280 289 298 302 309 311 316 323 326 335 343 348 349 353 362 368 346 353 355 360 361 368 369 378 387 388 397 398 406 413 417 416 409 414 416 425 427 431 436 443 446 449 453 454 456 450 459 458 467 463 471 474 473 482 487 496 490 490 487 496 501 502 511 516 
328 313 295 252 253 257 250 244 239 245 241 238 238 247 247 249 258 261 262 267 263 258 263 266 259 265 265 268 275 284 285 269 278 277 285 285 284 292 297 306 315 317 321 329 335 338 345 352 353 358 366 375 351 360 357 358 367 370 377 380 386 392 400 399 408 413 420 418 418 416 421 430 436 439 438 439 448 455 454 463 465 451 458 461 470 472 472 473 482 484 490 496 493 496 496 501 510 508 514 520 
337 322 303 257 262 266 258 250 248 250 246 245 240 247 249 256 258 267 265 271 272 260 262 271 265 273 266 271 280 288 290 276 279 281 289 286 291 293 297 306 312 313 316 317 326 328 331 333 340 349 358 367 360 369 364 367 369 377 386 387 395 397 398 407 411 412 416 420 424 419 422 424 426 434 438 441 450 455 462 466 474 452 458 466 475 480 481 474 479 482 489 496 495 502 501 505 513 512 514 518 
343 329 311 262 271 267 263 251 251 259 254 254 241 244 252 255 256 257 258 267 276 261 270 279 268 273 268 276 283 284 288 285 284 290 298 291 299 302 298 301 310 319 318 326 329 336 340 342 346 351 359 368 369 377 365 366 372 376 377 386 390 391 398 400 402 411 420 429 433 420 425 431 434 437 438 447 456 459 468 471 476 456 459 466 468 477 484 476 484 488 497 505 497 504 508 506 514 521 522 524 
349 337 312 264 273 273 272 259 255 263 258 257 242 251 260 264 259 258 261 263 269 263 271 280 277 274 277 280 282 288 295 290 285 294 301 294 295 304 300 304 313 321 320 322 325 334 338 347 353 352 360 361 362 367 370 373 378 377 380 384 392 392 401 401 402 409 410 413 420 428 426 435 435 436 445 450 454 462 463 464 473 462 461 469 469 478 480 483 484 491 498 506 500 506 507 507 516 525 523 526 
358 339 316 265 269 273 281 268 259 263 264 265 251 252 261 267 262 265 266 266 267 269 278 287 280 281 279 286 291 294 299 299 289 298 299 302 299 308 305 305 310 319 328 323 329 338 346 355 362 361 368 365 366 368 376 374 382 386 388 385 387 391 396 405 411 414 415 420 428 436 427 436 443 443 450 458 457 465 472 473 482 469 466 468 477 486 489 489 486 495 499 508 501 502 509 512 517 518 522 527 
366 341 322 268 277 276 279 276 265 272 266 274 252 261 262 270 271 270 269 267 276 270 271 277 278 282 282 287 292 298 300 308 296 300 300 302 303 312 313 310 318 319 326 328 336 337 338 346 355 359 365 371 367 376 383 383 387 395 389 386 387 396 400 403 406 407 411 418 427 433 429 438 446 444 453 461 463 471 480 481 490 473 475 472 479 481 490 496 494 502 508 512 507 511 512 519 525 527 530 533 
370 350 331 271 276 282 283 284 274 273 270 277 256 265 263 265 273 279 277 271 272 272 278 282 283 283 291 296 297 301 308 311 305 305 301 308 309 311 320 315 319 327 334 337 337 344 341 342 349 358 365 368 376 379 386 392 396 396 398 387 391 400 405 405 412 413 414 421 427 436 436 439 440 444 446 451 452 461 469 470 476 474 483 475 481 485 489 498 500 503 511 515 516 519 517 521 528 536 538 542 
373 359 332 280 283 284 288 292 278 279 273 279 264 267 267 272 281 287 286 279 278 278 286 285 285 289 292 299 300 309 317 320 314 310 310 310 313 312 319 321 328 336 336 344 346 351 342 351 355 363 372 373 379 382 383 392 395 400 401 395 397 399 405 411 419 416 423 424 433 442 439 447 444 452 452 459 455 462 463 464 473 474 483 484 486 494 498 507 507 512 513 515 524 523 518 523 530 534 543 543 
379 366 334 281 290 287 288 297 285 288 276 281 270 272 268 275 278 285 287 284 287 280 287 292 293 293 300 308 308 311 320 324 316 313 318 317 322 313 314 318 327 336 343 344 353 354 350 354 356 362 368 377 378 387 389 396 400 406 403 396 404 403 410 414 415 424 428 428 436 443 448 454 452 459 454 463 464 468 469 473 474 475 481 486 488 494 502 503 505 507 512 521 530 532 522 523 524 532 535 536 
388 371 343 288 292 296 297 304 294 297 284 288 276 278 269 270 271 280 286 285 293 288 296 296 296 302 302 311 311 318 326 333 325 322 321 325 331 322 322 323 327 336 344 350 357 358 359 359 364 371 374 377 378 384 392 400 408 414 410 403 410 410 418 417 424 426 427 436 437 441 443 447 450 459 463 470 472 475 477 474 483 480 488 495 496 503 511 512 507 513 521 529 537 541 524 532 528 533 538 537 
395 379 352 295 297 299 302 311 295 296 285 287 283 279 278 277 279 288 292 292 294 290 299 303 298 307 310 314 319 324 331 333 333 324 327 334 338 330 326 329 328 333 336 342 347 348 352 359 360 361 363 367 371 379 380 385 393 400 408 405 413 411 417 426 426 431 435 442 443 450 451 456 457 465 467 474 480 477 479 482 489 488 496 498 497 500 508 511 512 521 526 535 544 548 527 533 537 540 547 538 
400 387 355 296 298 307 309 317 299 304 286 295 284 288 283 278 279 288 289 296 303 294 302 311 304 308 316 318 319 321 324 328 337 330 333 340 341 337 335 338 332 333 337 342 349 351 354 361 369 362 371 375 372 377 380 388 396 400 405 411 419 419 425 434 435 432 440 446 451 451 460 463 458 467 469 473 480 485 488 488 494 497 505 504 502 508 513 513 521 530 535 544 545 550 536 538 545 542 543 544 
407 395 357 299 307 316 310 313 305 313 295 304 293 291 287 282 283 285 293 301 303 295 302 306 313 315 316 323 320 329 332 335 344 336 340 348 349 338 338 347 335 341 341 342 350 351 357 366 367 371 376 384 375 384 389 394 400 407 406 411 420 428 427 432 440 433 437 445 453 454 461 467 462 468 477 478 481 490 495 496 499 504 513 507 511 512 520 514 517 521 526 530 539 548 541 543 552 547 544 545 
416 403 360 305 312 315 313 319 306 310 303 309 302 295 296 283 284 287 296 297 304 303 311 314 320 323 324 324 324 333 339 338 347 344 342 345 354 347 340 343 343 342 342 350 353 359 358 359 367 370 379 388 383 391 396 401 406 408 413 412 415 424 425 427 430 436 437 441 449 458 459 464 471 470 477 486 484 493 494 501 507 507 511 515 520 520 523 516 524 523 529 535 536 541 550 552 556 556 545 551 
421 411 367 312 319 322 316 322 315 318 312 317 311 303 305 287 292 295 304 301 304 311 320 315 324 332 333 330 333 340 346 345 352 350 351 354 363 356 349 346 345 351 348 357 361 363 367 367 371 377 378 380 382 391 393 402 404 407 415 421 424 428 432 436 436 445 444 446 455 458 466 471 480 472 479 481 488 491 500 505 512 516 519 521 524 529 531 517 519 527 536 544 539 548 557 555 557 563 552 552 
423 416 371 314 315 323 321 327 319 326 314 316 319 312 309 288 291 299 300 309 313 316 322 320 321 328 337 335 342 349 354 349 353 355 359 361 366 365 353 349 349 355 357 358 359 367 370 368 372 379 384 389 383 384 392 395 403 410 417 426 433 436 433 439 437 446 448 453 462 467 474 474 482 481 484 489 496 495 498 507 516 523 526 524 529 536 535 520 520 523 532 540 546 552 559 556 557 560 558 561 
430 424 379 316 316 318 321 330 320 322 322 324 320 318 315 297 298 307 301 304 313 322 327 329 329 337 346 339 344 353 362 355 362 356 357 362 363 371 354 353 355 359 366 366 366 375 379 376 381 388 393 397 389 393 400 403 408 417 423 431 438 444 441 447 443 445 453 459 466 473 476 475 481 486 485 491 499 499 499 506 515 524 526 525 530 539 544 528 529 532 534 543 552 559 561 565 560 567 564 562 
437 431 385 323 319 319 328 336 328 328 331 332 321 319 323 306 306 309 310 312 320 329 335 338 331 332 340 347 353 354 363 363 371 365 364 371 364 373 362 358 356 357 359 363 372 381 387 377 384 385 386 389 390 391 398 405 412 421 429 436 445 447 447 456 446 449 450 458 460 466 470 474 475 483 492 499 501 507 500 505 510 516 523 531 536 544 546 536 537 539 537 544 551 560 566 573 569 568 572 569 
443 436 386 330 328 326 332 341 333 332 335 336 330 328 332 312 315 317 317 317 322 324 333 341 340 339 348 350 358 357 365 369 374 370 371 375 365 367 368 366 360 366 363 366 372 381 382 381 390 394 388 396 399 396 405 410 411 419 420 427 430 431 440 449 451 457 457 462 463 470 479 483 481 482 491 500 504 512 503 512 512 516 520 522 523 524 526 533 536 539 544 553 557 566 573 580 570 573 579 576 
444 442 393 338 334 331 334 336 338 339 338 345 338 336 333 313 318 320 323 318 326 333 340 349 349 345 350 359 367 366 374 374 382 377 380 384 373 376 377 372 369 368 371 373 376 382 383 390 391 392 394 401 408 398 405 413 420 425 422 430 439 440 449 456 459 463 458 461 469 475 480 483 483 487 492 498 504 505 509 513 521 525 522 529 532 533 529 531 540 544 545 553 562 571 580 581 577 579 583 578 
453 447 400 340 339 338 343 339 346 344 342 347 339 343 335 316 324 328 328 323 329 330 337 344 353 347 348 355 362 370 379 379 382 383 381 382 380 382 379 381 378 377 375 382 380 381 386 392 392 399 400 404 408 399 408 416 423 425 424 431 437 439 447 449 454 461 460 467 476 480 482 488 487 490 496 503 505 507 508 517 520 523 523 532 533 534 535 538 547 552 547 548 556 557 566 571 578 584 592 580 
459 450 401 345 347 343 345 341 350 353 351 356 341 345 344 324 328 329 336 332 332 336 337 346 352 352 350 359 362 369 370 379 388 392 383 384 389 387 385 389 383 386 380 381 383 390 391 394 397 405 408 413 411 406 407 409 410 419 427 434 441 440 449 458 462 469 465 471 472 481 485 488 494 495 498 507 508 512 517 518 520 528 525 531 537 535 536 538 539 546 553 557 565 565 574 572 576 577 578 584 
461 459 409 350 355 351 346 344 353 360 360 361 349 346 353 326 329 336 345 341 336 345 344 353 357 357 359 365 371 378 376 385 394 397 384 393 392 392 394 394 389 392 388 382 387 390 396 398 405 413 414 417 420 411 414 415 411 420 425 434 437 443 448 451 455 458 463 464 466 469 477 481 483 491 497 502 503 508 509 517 521 527 527 532 535 544 542 541 544 549 550 558 560 566 574 581 578 586 585 586 
470 460 417 351 357 352 355 350 356 362 362 366 350 348 355 335 338 339 345 350 344 348 346 352 357 361 368 369 377 382 383 384 392 400 390 398 394 395 400 402 398 401 392 391 393 397 404 407 410 412 418 426 428 420 420 416 420 427 434 442 446 444 452 453 454 461 467 472 472 472 478 487 487 490 499 508 507 510 511 512 515 522 525 533 541 550 545 545 545 547 549 558 564 571 577 578 582 590 591 594 
479 465 426 354 355 353 357 351 356 359 366 368 356 352 357 341 345 345 354 359 349 356 355 356 364 369 370 377 379 380 388 387 395 404 393 397 396 397 405 410 405 403 395 396 397 406 410 411 411 419 419 428 437 424 421 423 428 431 440 449 454 446 449 450 458 459 466 472 478 479 484 493 496 495 503 507 511 514 520 516 524 524 532 536 545 547 547 547 549 556 557 566 571 575 579 587 588 589 592 598 
488 474 427 360 357 362 366 355 362 368 374 377 358 361 358 348 352 354 357 360 354 363 364 365 373 376 379 380 380 389 397 396 396 403 402 402 403 406 414 419 412 410 402 402 405 407 408 411 420 428 427 434 436 425 423 432 437 434 443 451 460 451 458 459 459 468 474 481 484 488 487 489 498 500 505 514 515 521 529 525 529 533 533 535 543 546 554 548 556 565 561 565 569 578 579 580 584 592 601 603 
492 483 429 361 361 368 367 357 366 369 377 378 363 369 364 357 360 355 364 362 355 358 367 368 375 384 381 388 381 390 399 398 405 405 411 410 404 411 420 427 415 416 406 410 408 411 417 416 419 428 435 440 445 432 426 433 440 437 445 454 461 460 464 465 466 469 470 473 482 491 488 492 501 507 512 515 524 526 533 528 536 538 539 544 545 554 558 556 560 566 562 569 578 586 588 585 587 595 602 611 
499 492 432 370 363 364 373 364 366 373 376 384 371 374 372 358 359 364 373 368 360 362 370 376 383 388 383 385 386 395 404 402 411 414 412 419 408 413 421 430 424 424 415 413 410 414 417 422 420 425 431 435 444 434 432 433 439 439 448 453 454 456 464 470 472 477 478 481 488 492 491 492 494 496 505 508 513 521 530 535 543 543 548 548 546 547 554 561 563 572 567 568 569 577 586 589 589 595 596 604 
507 496 435 377 369 367 370 372 368 371 372 381 374 381 376 367 368 372 379 370 362 371 374 383 386 395 392 387 395 404 407 407 409 413 418 425 417 418 427 430 428 431 423 422 419 421 418 419 426 429 438 444 452 440 434 436 444 446 448 457 459 464 472 477 476 485 487 485 489 498 500 495 501 498 501 504 510 519 527 534 540 542 551 549 547 556 558 562 571 577 569 576 576 578 581 590 592 601 599 601 
508 505 440 384 374 376 375 373 373 373 381 385 378 379 379 371 377 381 380 372 371 379 383 391 392 401 394 388 397 406 415 413 417 419 422 424 426 419 428 434 429 437 431 430 424 427 426 421 426 431 439 441 449 449 435 443 447 454 457 464 464 471 480 486 484 486 495 487 496 504 502 502 509 507 509 512 519 524 525 526 533 539 545 554 548 557 565 565 571 572 576 585 577 584 585 593 601 603 600 602 
516 506 443 393 382 385 378 374 381 382 388 390 387 384 382 377 384 382 389 375 378 379 380 389 397 406 400 395 399 408 416 421 420 423 428 427 435 427 435 440 436 438 436 439 430 430 427 425 431 440 448 442 443 451 441 450 454 460 459 467 465 467 474 478 487 494 497 494 497 498 507 506 508 511 512 518 525 532 526 535 542 540 542 547 553 560 565 569 577 580 580 589 578 582 588 593 602 606 604 611 
520 514 445 395 391 387 383 383 390 389 397 399 396 392 388 379 380 384 393 384 379 385 384 386 395 404 409 401 400 406 414 422 428 431 436 431 436 428 437 444 445 445 441 448 434 439 432 432 439 441 447 447 452 455 443 448 457 465 461 468 469 476 483 486 495 501 501 498 501 506 511 509 517 517 519 521 522 528 535 541 546 541 550 556 562 568 572 578 579 587 589 590 586 591 596 597 598 601 607 608 
525 516 449 396 396 390 384 391 398 398 406 408 404 399 397 388 383 392 396 392 386 390 386 387 394 401 407 409 403 411 420 423 432 437 440 432 440 437 438 441 450 453 446 451 435 437 436 433 441 449 455 450 451 452 445 454 463 467 464 471 475 484 487 495 496 502 502 506 502 511 520 510 517 526 521 523 528 530 534 542 544 550 557 564 571 571 572 580 585 586 591 594 594 594 602 606 604 609 609 614 
531 525 454 398 400 393 387 391 398 406 407 415 405 401 406 397 392 394 397 401 391 398 395 395 395 398 406 409 410 415 423 424 432 434 438 438 445 438 439 448 453 461 453 458 439 442 437 441 450 456 458 458 455 460 454 463 464 471 472 479 476 485 490 491 493 497 504 512 505 514 515 511 515 516 519 524 533 531 540 548 553 559 565 571 575 577 581 588 594 589 594 597 603 601 607 613 612 618 612 621 
540 534 463 406 401 400 395 393 401 402 403 409 413 402 405 405 394 395 404 407 399 406 401 397 404 405 406 411 411 417 421 424 433 436 445 446 454 441 447 448 451 459 458 461 445 444 445 444 453 455 457 460 463 462 462 463 471 480 481 487 485 486 487 488 489 497 500 507 511 520 522 520 524 520 522 529 537 536 537 545 553 558 559 561 564 573 574 577 585 592 601 603 609 609 614 620 618 626 619 621 
543 538 470 415 403 409 404 402 407 410 409 417 415 403 410 413 400 401 407 409 405 408 409 406 413 413 410 419 412 414 420 421 430 439 448 450 459 446 448 449 452 460 466 467 450 453 451 448 451 460 461 466 465 471 466 471 480 489 489 495 493 488 495 495 496 505 502 510 517 523 523 527 532 529 523 527 532 541 545 552 561 564 566 570 567 576 577 585 587 595 604 607 615 617 615 621 621 630 627 625 
544 540 472 420 409 411 410 408 416 417 418 418 416 410 412 413 409 403 410 412 412 411 417 415 416 422 416 423 421 420 429 430 439 442 449 455 458 448 451 452 456 462 463 472 455 457 453 454 460 461 462 471 467 470 474 474 475 483 488 497 497 492 498 498 502 511 506 515 524 532 524 530 538 538 526 535 541 546 546 549 555 563 571 579 568 570 579 587 592 594 603 612 620 621 620 628 629 633 631 633 
551 548 480 429 413 420 412 412 416 421 420 427 422 419 420 422 410 408 411 418 413 415 419 417 419 428 422 427 425 429 431 439 445 451 457 456 465 457 452 457 458 465 464 468 463 462 454 461 468 468 467 474 472 478 482 483 484 490 491 500 501 499 507 506 509 516 515 524 531 538 532 537 538 547 527 535 542 549 547 553 555 564 565 567 572 572 574 579 586 595 601 608 610 617 620 625 634 641 640 636 
556 555 487 437 421 429 419 413 422 430 427 428 430 423 423 425 419 417 420 419 418 418 419 420 421 429 431 433 433 437 437 444 445 447 450 455 463 460 460 466 459 464 471 475 471 470 458 461 465 473 469 473 481 480 484 492 486 494 492 501 503 500 505 513 516 523 516 520 529 536 538 545 547 548 532 541 544 545 553 559 556 565 574 568 570 571 580 588 590 595 604 610 615 616 618 621 629 636 642 644 
557 562 496 442 429 432 425 414 423 430 434 437 439 427 430 434 428 418 425 420 426 427 428 429 429 434 440 441 442 445 446 448 453 456 459 461 468 463 467 469 468 473 476 476 480 478 460 467 474 481 478 474 483 481 489 498 494 502 500 509 512 508 510 513 514 516 518 519 526 527 531 533 537 541 541 547 552 551 559 560 558 561 570 573 571 577 584 585 594 603 605 608 616 625 624 628 637 639 648 653 
563 567 498 451 437 437 428 423 426 435 443 438 440 436 431 439 435 427 426 428 435 436 436 435 437 437 446 448 450 452 455 453 456 461 466 463 470 470 471 477 470 477 485 479 487 484 467 475 482 483 486 479 483 490 493 501 499 503 509 518 515 517 513 521 520 523 522 523 527 536 539 542 542 546 550 550 558 557 565 565 567 570 577 581 580 579 585 594 600 604 611 609 613 622 626 635 644 646 652 657 
564 572 505 459 445 438 436 432 428 433 434 442 446 440 439 444 436 436 435 433 438 445 441 438 446 440 441 450 459 459 458 455 463 470 467 464 472 479 477 483 471 472 481 487 493 491 474 480 489 491 490 486 489 492 497 501 503 510 513 521 516 523 522 529 527 524 530 524 529 538 541 545 550 552 556 559 563 566 574 574 568 569 576 581 582 586 594 601 606 612 619 617 618 627 635 638 643 650 651 652 
570 572 508 465 449 439 445 435 429 438 441 445 446 449 441 450 441 437 436 438 446 448 446 442 448 448 448 452 458 463 466 463 464 465 466 465 472 481 485 491 480 478 487 491 500 498 476 485 491 500 498 491 497 500 506 503 510 518 521 529 519 521 525 527 536 533 539 529 538 547 550 549 555 560 560 566 572 575 583 583 575 578 577 580 589 595 595 600 604 608 617 625 626 635 644 646 651 659 660 660 
571 572 517 473 455 446 453 441 437 440 443 447 455 455 442 445 450 440 442 446 453 455 455 445 454 456 457 453 462 465 474 464 465 473 475 466 468 477 483 492 481 486 493 499 504 505 485 490 499 508 504 499 506 506 509 509 512 516 523 526 521 528 534 529 530 539 547 538 547 554 553 554 563 564 563 571 580 583 592 589 583 584 580 587 588 592 594 603 612 616 624 631 629 634 635 643 645 651 660 668 
572 581 526 481 457 448 451 445 444 444 447 453 462 457 444 452 455 448 448 451 457 463 456 453 462 464 466 458 466 472 473 471 469 471 473 468 477 485 485 490 488 488 496 504 511 514 486 493 497 503 506 500 506 515 510 510 515 516 525 527 522 531 540 537 538 545 552 547 550 557 554 563 572 566 568 574 575 583 592 590 588 589 586 590 595 599 600 605 606 612 613 615 618 626 635 636 645 646 651 659 
578 582 529 483 462 452 459 454 445 451 451 456 460 464 449 457 464 452 456 460 463 471 462 461 468 467 471 459 468 477 479 480 478 476 478 473 477 486 492 495 492 490 491 500 506 511 493 499 500 507 511 502 507 514 519 511 518 525 532 528 525 534 543 544 543 548 552 553 556 557 560 569 578 567 570 577 581 583 584 592 597 593 594 593 599 605 609 609 613 619 622 616 623 628 634 642 648 649 655 661 

OTTIMO: 661
PERCORSO: RRRRDRRRRRRRRDRRRRDRRRRRRRRRDRRRRRRRDRRRRRRRRRRRRRRRRRRRRRRRRRRRRRRRRRRRRDRRRRRRRRRRRDRRRRRRRRRRRDRRRRRDDRRRRDDDDDDDDDDDDDDDDDDDDDDDDDDDDDDDDDDDDDDDDDDDDDDDDDDDDDDDDDDDDDDDDDDDDDDDDDDDDDDDDDDDDDDDDD
